21,11
21,10
21,9
21,8
21,7
21,6
21,5
4294967279,311
4294967279,310
4294967279,309
4294967279,308
33,8
33,7
33,6
33,5
33,4
33,3
33,2
33,1
4294967279,307
4294967279,306
31,9
31,8
31,7
4294967279,305
4294967279,304
30,142
30,141
30,109
30,100
30,108
30,107
30,105
30,106
30,99
30,140
4294967278,313
30,139
30,104
30,138
30,137
4294967278,312
30,136
30,103
30,102
30,135
30,134
30,101
30,98
4294967278,311
30,133
4294967278,310
30,132
30,73
30,71
30,97
30,93
30,131
30,96
30,55
30,95
30,31
30,130
4294967278,309
30,94
30,53
30,129
30,83
30,128
30,92
30,19
30,91
30,50
30,90
30,30
30,89
30,20
30,88
30,87
30,46
30,86
30,52
4294967278,308
30,85
30,17
30,84
30,47
30,75
30,82
30,45
30,81
30,80
30,48
30,79
30,27
30,78
30,18
30,77
30,76
30,69
30,74
30,28
4294967278,307
30,58
30,72
30,56
30,70
30,66
30,68
30,67
30,62
30,65
30,64
4294967279,303
30,63
30,59
30,61
30,60
30,49
30,36
30,57
30,35
30,54
30,51
30,42
30,44
30,43
30,39
30,41
30,40
30,32
30,38
30,37
30,22
30,21
30,34
30,33
30,25
30,29
30,26
30,16
30,24
30,23
30,8
30,7
30,6
30,13
30,15
30,14
30,12
30,5
30,11
30,10
30,9
29,139
29,138
29,137
4294967278,306
29,136
29,75
29,73
29,135
29,134
29,133
4294967278,305
29,132
29,74
29,56
29,131
29,70
29,130
29,72
29,52
29,129
4294967278,304
29,128
29,71
29,55
29,69
4294967278,303
29,68
29,67
29,66
29,38
29,39
29,65
29,64
29,13
29,63
29,37
29,62
29,24
4294967278,302
29,61
29,36
29,60
29,59
29,22
29,58
29,12
29,57
4294967278,301
29,41
29,48
29,54
29,53
29,34
29,51
4294967278,300
29,50
29,49
29,43
29,47
29,46
4294967278,299
29,45
29,44
29,30
29,42
29,19
29,40
4294967278,298
29,35
29,26
29,33
29,32
29,31
29,23
4294967278,297
29,29
29,28
29,27
29,25
29,17
29,21
29,20
29,18
29,5
29,16
29,6
29,15
29,14
29,7
29,11
29,10
29,9
29,8
27,26
27,25
27,12
27,24
27,23
27,17
27,22
27,21
27,20
27,16
27,19
27,18
27,14
27,15
27,13
27,5
27,11
27,6
27,10
27,9
27,8
27,7
14,8
14,7
14,6
13,20
4294967279,302
13,19
4294967279,301
13,18
13,17
13,16
13,10
13,15
13,11
4294967279,300
13,14
13,13
4294967279,299
13,12
13,5
13,9
4294967279,298
13,8
13,7
13,6
12,20
15,15
12,19
15,14
12,18
12,17
12,16
12,5
15,13
4294967278,296
12,15
15,12
12,14
15,11
12,13
15,10
12,12
15,9
12,11
15,8
12,10
15,7
15,6
12,9
12,8
4294967278,295
11,11
11,10
11,9
11,8
4294967279,297
9,7
9,6
7,13
7,14
7,11
7,12
7,6
7,10
7,9
7,8
7,7
4294967294,1026
4294967294,974
32,6
32,5
32,4
32,3
32,2
32,1
4294967279,296
4294967294,1089
4294967294,1088
4294967294,959
31,6
31,5
31,4
31,3
31,2
31,1
4294967279,295
4294967294,473
30,4
30,3
30,2
30,1
4294967279,294
4294967294,958
29,4
29,3
29,2
29,1
4294967278,294
4294967294,957
4294967294,922
28,4
28,3
28,2
28,1
4294967278,293
27,4
27,3
27,2
27,1
4294967279,293
